[{'delta': 1.6483727750200304e-10,
  'pesos': [2.379427020727406, 1.3268243815084009, 2.5703225058942496],
  'salida': 0.9999997948151437}, 
 {'delta': -1.355485288720373e-20, 
  'pesos': [15.275626668911322, -4.311092238261763, -10.305557253834843],
  'salida': 7.48184212902117e-18}
]
[{'delta': 0.00023233153843235356,
  'pesos': [1.9015204069824083, -3.896708983212216, 2.2591648046982504],
  'salida': 0.9846391398040504}, 
 {'delta': -0.00023263973305302817, 
  'pesos': [-1.5544675382660258, 3.896030693720242, -2.605539447333929], 
  'salida': 0.015371125259653944}]
